Description: This is a example input with 10 x 10 matrix
10 10
7.56616321e+02 3.63495402e+02 1.68306097e+02 1.52831128e+02 1.68557637e+02 7.42305865e+01 7.15928361e+02 4.66505714e+02 8.25524015e+02 8.85516754e+02
9.71761713e+02 9.78037894e+01 8.08360835e+02 3.88244219e+02 4.20244439e+02 8.14940977e+02 1.01161801e+02 5.88358027e+02 2.08033738e+02 2.74491252e+02
5.07278589e+02 3.71893418e+02 5.48255869e+01 1.90146382e+02 9.73584323e+02 2.05165138e+02 1.52223540e+02 2.88026680e+02 4.71712852e+02 9.95296101e+02
2.21777338e+02 9.66961559e+02 8.24878425e+02 8.72897412e+02 6.11481246e+02 6.06952696e+02 4.72526276e+02 9.81500872e+02 1.98148050e+02 8.47820127e+02
7.06461120e+00 3.03621738e+02 2.93946812e+02 2.78597376e+02 8.83755520e+02 5.42305376e+02 4.69360189e+02 4.07884773e+02 8.74740768e+02 1.76915233e+02
1.46830744e+02 2.35298527e+02 5.26610953e+00 8.20131866e+02 8.67260846e+02 2.21808739e+02 8.10251092e+02 3.65507244e+01 3.72271888e+02 1.80967403e+00
7.44035044e+02 2.40400828e+02 1.33919605e+02 7.99963786e+02 8.56991889e+02 6.16357211e+02 5.42713874e+02 4.17198288e+02 6.94294112e+02 6.83563071e+02
4.82809508e+02 5.59788952e+02 2.02055570e+01 6.99231133e+02 5.09052121e-01 7.07929172e+02 3.16457845e+01 6.13808435e+02 3.49512952e+02 3.59239686e+02
2.62041459e+02 5.39043813e+02 9.65272191e+02 2.52286590e+02 3.25099251e+01 8.18522658e+02 3.81208635e+02 3.22289910e+02 5.15978853e+00 7.85418630e+02
9.99586120e+02 3.15538881e+02 6.35990553e+02 7.16001391e+02 4.92952272e+02 2.03477558e+02 1.95892072e+02 4.08422097e+02 6.15161398e+01 4.39044698e+02
898.00838478 236.6302508 149.1581348 474.01444863 657.41319866 690.04083857 237.94378296 780.97802225 324.73040341 146.43996575
